0 i 1
1 n 2
2 t 3

0 d 4
4 o 5
5 u 6
6 b 7
7 l 8
8 e 3

0 r 9
9 e 10
10 t 11
11 u 12
12 r 13
13 n 3

0 ( 14
0 ) 14
0 { 14
0 } 14
0 ; 14
0 , 14

0 0 15
0 1 15
0 2 15
0 3 15
0 4 15
0 5 15
0 6 15
0 7 15
0 8 15
0 9 15
15 0 15
15 1 15
15 2 15
15 3 15
15 4 15
15 5 15
15 6 15
15 7 15
15 8 15
15 9 15

15 . 16

16 0 17
16 1 17
16 2 17
16 3 17
16 4 17
16 5 17
16 6 17
16 7 17
16 8 17
16 9 17
17 0 17
17 1 17
17 2 17
17 3 17
17 4 17
17 5 17
17 6 17
17 7 17
17 8 17
17 9 17

0 a 18
0 b 18
0 c 18
0 d 18
0 e 18
0 f 18
0 g 18
0 h 18
0 i 18
0 j 18
0 k 18
0 l 18
0 m 18
0 n 18
0 o 18
0 p 18
0 q 18
0 r 18
0 s 18
0 t 18
0 u 18
0 v 18
0 w 18
0 x 18
0 y 18
0 z 18
0 A 18
0 B 18
0 C 18
0 D 18
0 E 18
0 F 18
0 G 18
0 H 18
0 I 18
0 J 18
0 K 18
0 L 18
0 O 18
0 M 18
0 N 18
0 P 18
0 Q 18
0 R 18
0 S 18
0 T 18
0 U 18
0 V 18
0 W 18
0 X 18
0 Y 18
0 Z 18

18 a 18
18 b 18
18 c 18
18 d 18
18 e 18
18 f 18
18 g 18
18 h 18
18 i 18
18 j 18
18 k 18
18 l 18
18 m 18
18 n 18
18 o 18
18 p 18
18 q 18
18 r 18
18 s 18
18 t 18
18 u 18
18 v 18
18 w 18
18 x 18
18 y 18
18 z 18
18 A 18
18 B 18
18 C 18
18 D 18
18 E 18
18 F 18
18 G 18
18 H 18
18 I 18
18 J 18
18 K 18
18 L 18
18 O 18
18 M 18
18 N 18
18 P 18
18 Q 18
18 R 18
18 S 18
18 T 18
18 U 18
18 V 18
18 W 18
18 X 18
18 Y 18
18 Z 18
18 0 18
18 1 18
18 2 18
18 3 18
18 4 18
18 5 18
18 6 18
18 7 18
18 8 18
18 9 18

0 + 19
0 - 19
0 * 19
0 / 19
0 = 19